rayleigh_idealOP: 0.00601200
rician_idealOP: 0.00009800
